0 0.1515625 0.11953125 0.209375 0.2390625
0 0.29140625 0.13984375 0.2421875 0.2796875
0 0.10390625 0.3109375 0.196875 0.284375
0 0.2625 0.3421875 0.2703125 0.30625
0 0.50234375 0.22890625 0.2140625 0.2671875
0 0.6328125 0.27265625 0.1984375 0.253125
0 0.465625 0.4 0.209375 0.2546875
0 0.6015625 0.45 0.2203125 0.2578125
0 0.753125 0.31796875 0.1703125 0.2140625
0 0.86484375 0.35 0.190625 0.2140625
0 0.7375 0.46640625 0.175 0.2171875
0 0.846875 0.50859375 0.1515625 0.1921875
0 0.42890625 0.65390625 0.215625 0.246875
0 0.57421875 0.6625 0.2109375 0.2296875
0 0.40078125 0.86875 0.24375 0.25625
0 0.56484375 0.86171875 0.2203125 0.2546875
0 0.74765625 0.67421875 0.1703125 0.2125
0 0.8515625 0.6734375 0.18125 0.20625
0 0.75703125 0.85625 0.1765625 0.2296875
0 0.85234375 0.8453125 0.1890625 0.221875
1 0.16640625 0.02421875 0.0828125 0.0484375
1 0.3578125 0.0859375 0.0625 0.0734375
1 0.140625 0.234375 0.078125 0.0640625
1 0.33125 0.28984375 0.0484375 0.0484375
1 0.5546875 0.18125 0.05625 0.0546875
1 0.67734375 0.23828125 0.0671875 0.053125
1 0.52578125 0.35390625 0.065625 0.0625
1 0.65625 0.4078125 0.0390625 0.0515625
1 0.8078125 0.2765625 0.065625 0.0734375
1 0.89765625 0.3171875 0.04375 0.0484375
1 0.7875 0.42890625 0.059375 0.0515625
1 0.878125 0.4515625 0.05625 0.05
1 0.4921875 0.57890625 0.0734375 0.059375
1 0.628125 0.6 0.0453125 0.05
1 0.47890625 0.78046875 0.059375 0.0734375
1 0.61328125 0.784375 0.0578125 0.0609375
1 0.78984375 0.6203125 0.04375 0.0515625
1 0.87890625 0.61875 0.053125 0.0671875
1 0.78984375 0.78125 0.053125 0.05
1 0.88828125 0.77265625 0.0453125 0.05625