0 0.07890625 0.15703125 0.1578125 0.2890625
0 0.22578125 0.17890625 0.1953125 0.26328125
0 0.075 0.38984375 0.15 0.26015625
0 0.23671875 0.390625 0.2234375 0.26875
0 0.45078125 0.23359375 0.17109375 0.2390625
0 0.58671875 0.2515625 0.15703125 0.228125
0 0.446875 0.40859375 0.16953125 0.2265625
0 0.58984375 0.43125 0.1796875 0.228125
0 0.7140625 0.27265625 0.1359375 0.1921875
0 0.8296875 0.2828125 0.15859375 0.18671875
0 0.7265625 0.421875 0.13984375 0.19375
0 0.8421875 0.4421875 0.12109375 0.171875
0 0.459375 0.66484375 0.178125 0.21640625
0 0.60390625 0.6453125 0.1765625 0.2
0 0.47265625 0.88125 0.20546875 0.221875
0 0.6328125 0.84296875 0.18125 0.2234375
0 0.7765625 0.6234375 0.1359375 0.190625
0 0.878125 0.603125 0.15 0.18125
0 0.8203125 0.80078125 0.13984375 0.20703125
0 0.91171875 0.771875 0.1546875 0.19609375
1 0.08125 0.0890625 0.07421875 0.05234375
1 0.28125 0.1203125 0.05078125 0.06484375
1 0.096875 0.3078125 0.06875 0.05234375
1 0.29453125 0.32578125 0.04140625 0.04140625
1 0.49296875 0.1765625 0.04765625 0.046875
1 0.62421875 0.209375 0.06015625 0.04296875
1 0.49765625 0.3515625 0.05625 0.053125
1 0.6359375 0.3796875 0.03046875 0.046875
1 0.759375 0.221875 0.05390625 0.06484375
1 0.85546875 0.24453125 0.03671875 0.0421875
1 0.76875 0.375 0.0515625 0.04296875
1 0.86171875 0.38046875 0.04921875 0.04140625
1 0.50703125 0.57890625 0.065625 0.04765625
1 0.64453125 0.5734375 0.0375 0.04375
1 0.5328125 0.7796875 0.0484375 0.065625
1 0.665625 0.7578125 0.04921875 0.053125
1 0.8078125 0.5625 0.0359375 0.04609375
1 0.89453125 0.54453125 0.0421875 0.0609375
1 0.83828125 0.72109375 0.0453125 0.0421875
1 0.9328125 0.69375 0.0359375 0.05