0 0.07109375 0.19453125 0.1421875 0.3015625
0 0.19921875 0.20390625 0.2171875 0.2796875
0 0.0765625 0.4265625 0.153125 0.271875
0 0.228125 0.4140625 0.2453125 0.2875
0 0.428125 0.2390625 0.190625 0.253125
0 0.56484375 0.2453125 0.1765625 0.240625
0 0.4390625 0.41328125 0.1890625 0.240625
0 0.58359375 0.4234375 0.1984375 0.2421875
0 0.69375 0.2546875 0.1515625 0.203125
0 0.809375 0.2546875 0.175 0.2
0 0.71875 0.40234375 0.15625 0.2046875
0 0.8359375 0.4125 0.1359375 0.18125
0 0.47421875 0.66796875 0.196875 0.23125
0 0.61640625 0.6359375 0.19375 0.2140625
0 0.50546875 0.88125 0.2234375 0.2375
0 0.6625 0.83046875 0.2 0.2390625
0 0.7859375 0.59921875 0.1515625 0.2015625
0 0.8859375 0.56953125 0.165625 0.19375
0 0.8453125 0.771875 0.1578125 0.21875
0 0.9234375 0.734375 0.153125 0.209375
1 0.046875 0.12734375 0.078125 0.059375
1 0.24921875 0.140625 0.05625 0.06875
1 0.08203125 0.34375 0.0734375 0.0578125
1 0.28046875 0.34453125 0.0453125 0.0453125
1 0.46484375 0.178125 0.0515625 0.0515625
1 0.5984375 0.2 0.0640625 0.0484375
1 0.484375 0.35234375 0.0609375 0.0578125
1 0.625 0.36796875 0.034375 0.05
1 0.734375 0.2 0.059375 0.06875
1 0.83203125 0.21484375 0.040625 0.0453125
1 0.75703125 0.35234375 0.0546875 0.046875
1 0.85 0.34921875 0.053125 0.0453125
1 0.5140625 0.578125 0.06875 0.053125
1 0.65 0.5609375 0.040625 0.046875
1 0.55703125 0.77578125 0.0546875 0.0703125
1 0.6875 0.7421875 0.053125 0.0578125
1 0.81171875 0.53515625 0.0390625 0.0484375
1 0.896875 0.51015625 0.046875 0.0640625
1 0.85625 0.690625 0.0484375 0.0453125
1 0.9484375 0.65546875 0.040625 0.053125