0 0.2671875 0.178125 0.38125 0.3140625
0 0.28359375 0.3984375 0.459375 0.334375
0 0.3125 0.69921875 0.625 0.5859375
0 0.61015625 0.15546875 0.3953125 0.3109375
0 0.69765625 0.31171875 0.475 0.3984375
0 0.73515625 0.62578125 0.5296875 0.6796875
0 0.37890625 0.9046875 0.5421875 0.190625
0 0.87734375 0.246875 0.2453125 0.49375
1 0.3140625 0.6234375 0.1453125 0.1640625
1 0.778125 0.57734375 0.1515625 0.153125
1 0.29296875 0.375 0.1046875 0.1109375
1 0.67578125 0.290625 0.125 0.1359375
1 0.28984375 0.178125 0.10625 0.1140625
1 0.60859375 0.11328125 0.121875 0.1296875