0 0.4046875 0.128125 0.3625 0.25625
0 0.3375 0.325 0.4421875 0.296875
0 0.27265625 0.6140625 0.5453125 0.540625
0 0.73984375 0.203125 0.3734375 0.321875
0 0.75390625 0.39921875 0.4515625 0.3625
0 0.71328125 0.70234375 0.5734375 0.5953125
0 0.24140625 0.8765625 0.4828125 0.24375
0 0.92421875 0.4015625 0.1515625 0.503125
1 0.28125 0.5453125 0.1328125 0.1546875
1 0.7296875 0.67578125 0.1421875 0.14375
1 0.3546875 0.30703125 0.096875 0.1046875
1 0.74140625 0.37109375 0.115625 0.128125
1 0.42578125 0.12265625 0.0984375 0.1078125
1 0.74609375 0.18203125 0.1125 0.121875