0 0.35234375 0.13125 0.3328125 0.240625
0 0.31484375 0.34921875 0.41328125 0.2421875
0 0.2671875 0.6484375 0.53359375 0.47109375
0 0.69609375 0.17265625 0.33828125 0.278125
0 0.7375 0.36484375 0.4125 0.3078125
0 0.746875 0.6921875 0.50625 0.57421875
0 0.271875 0.91328125 0.515625 0.1734375
0 0.93203125 0.340625 0.1359375 0.4890625
1 0.28984375 0.575 0.11484375 0.140625
1 0.7515625 0.6421875 0.125 0.12734375
1 0.32890625 0.32890625 0.08515625 0.09296875
1 0.72109375 0.3390625 0.10078125 0.11484375
1 0.37421875 0.13671875 0.0859375 0.096875
1 0.69921875 0.15078125 0.0984375 0.10859375