0 0.53203125 0.59921875 0.365625 0.44375
0 0.7890625 0.33359375 0.421875 0.4234375
0 0.7703125 0.58515625 0.2390625 0.2296875
0 0.52421875 0.2203125 0.3953125 0.440625
0 0.196875 0.1953125 0.375 0.390625
0 0.8453125 0.1078125 0.309375 0.184375
4 0.059375 0.071875 0.0515625 0.0671875
2 0.09375 0.078125 0.04375 0.0671875
4 0.134375 0.08125 0.046875 0.0671875
7 0.46875 0.10546875 0.0484375 0.065625
2 0.5109375 0.1046875 0.05 0.0734375
4 0.55390625 0.1109375 0.03125 0.0515625
1 0.58046875 0.4515625 0.1078125 0.0875
6 0.584375 0.5015625 0.034375 0.0375
2 0.490625 0.47265625 0.046875 0.05
7 0.525 0.484375 0.03125 0.04375
4 0.55390625 0.4953125 0.0328125 0.0484375