0 0.540625 0.59609375 0.33125 0.4171875
0 0.7765625 0.309375 0.39375 0.390625
0 0.7765625 0.5609375 0.221875 0.2125
0 0.49921875 0.21640625 0.3609375 0.415625
0 0.1703125 0.20234375 0.340625 0.403125
0 0.82109375 0.07890625 0.3171875 0.1578125
4 0.0234375 0.11171875 0.046875 0.0625
2 0.05859375 0.11484375 0.0390625 0.0640625
4 0.09921875 0.11484375 0.0421875 0.0640625
7 0.434375 0.109375 0.04375 0.0625
2 0.4765625 0.10546875 0.04375 0.06875
4 0.51953125 0.1078125 0.0265625 0.05
1 0.57578125 0.44453125 0.1015625 0.0796875
6 0.584375 0.49453125 0.03125 0.034375
2 0.48828125 0.4734375 0.0421875 0.046875
7 0.5234375 0.48203125 0.028125 0.040625
4 0.553125 0.490625 0.028125 0.046875