0 0.20390625 0.2453125 0.2203125 0.20625
7 0.2015625 0.22578125 0.034375 0.0546875
8 0.2453125 0.540625 0.25625 0.4515625
8 0.42734375 0.50625 0.17734375 0.378125
0 0.4671875 0.26796875 0.18515625 0.20078125
0 0.5453125 0.44296875 0.09375 0.1265625
8 0.5609375 0.5609375 0.103125 0.17109375
0 0.63671875 0.45390625 0.0609375 0.13203125
0 0.63515625 0.56328125 0.06171875 0.1171875
0 0.6609375 0.2171875 0.1875 0.2421875
0 0.81015625 0.209375 0.1046875 0.24375
0 0.9140625 0.22734375 0.1 0.21171875
8 0.71328125 0.47109375 0.1359375 0.2375
0 0.809375 0.4234375 0.090625 0.21640625
0 0.9015625 0.41328125 0.09140625 0.2171875
7 0.65859375 0.1515625 0.01484375 0.04375
2 0.67578125 0.15625 0.0140625 0.0328125
4 0.69140625 0.159375 0.0078125 0.0265625
7 0.78984375 0.1703125 0.0203125 0.04453125
2 0.8046875 0.16953125 0.015625 0.046875
4 0.8140625 0.1703125 0.0125 0.03203125