0 0.16796875 0.29453125 0.25 0.2375
7 0.1625 0.27578125 0.0421875 0.059375
8 0.2546875 0.5796875 0.3234375 0.4859375
8 0.42890625 0.5171875 0.234375 0.4015625
0 0.43125 0.27578125 0.2140625 0.2265625
0 0.5359375 0.43671875 0.1125 0.1390625
8 0.56953125 0.55078125 0.128125 0.184375
0 0.628125 0.4328125 0.08125 0.140625
0 0.64375 0.54140625 0.0796875 0.125
0 0.61484375 0.1953125 0.2234375 0.26875
0 0.7609375 0.1640625 0.1421875 0.2578125
0 0.86640625 0.165625 0.13125 0.225
8 0.70625 0.43828125 0.171875 0.25625
0 0.79375 0.37578125 0.1234375 0.228125
0 0.8828125 0.3515625 0.125 0.228125
7 0.60234375 0.13125 0.021875 0.0453125
2 0.61953125 0.1328125 0.01875 0.034375
4 0.6359375 0.13359375 0.0125 0.028125
7 0.734375 0.12890625 0.0265625 0.046875
2 0.74921875 0.12578125 0.0234375 0.0484375
4 0.75859375 0.125 0.0171875 0.0328125