0 0.27421875 0.18125 0.2640625 0.253125
7 0.2765625 0.16171875 0.046875 0.0609375
8 0.24296875 0.478125 0.3578125 0.5
8 0.428125 0.48828125 0.2640625 0.409375
0 0.52421875 0.2671875 0.228125 0.2390625
0 0.5578125 0.45546875 0.121875 0.1453125
8 0.54453125 0.57421875 0.1421875 0.190625
0 0.64375 0.48828125 0.090625 0.1421875
0 0.615625 0.59375 0.0875 0.128125
0 0.72421875 0.26484375 0.240625 0.2796875
0 0.87109375 0.29296875 0.1609375 0.2625
0 0.946875 0.33515625 0.10625 0.2296875
8 0.7140625 0.5234375 0.1890625 0.2640625
0 0.81875 0.50078125 0.140625 0.23125
0 0.9109375 0.51328125 0.140625 0.2328125
7 0.73828125 0.2 0.025 0.0453125
2 0.75390625 0.209375 0.021875 0.0359375
4 0.76796875 0.215625 0.0140625 0.028125
7 0.8609375 0.25 0.03125 0.0484375
2 0.87578125 0.253125 0.0265625 0.05
4 0.884375 0.25625 0.0203125 0.034375